mun »Ascnffls

11,11,1ο,19,18,17,16, ’
. 15,14,13,11,11,1ο,9,

81Ἱ161515131’1

1,*,19,18,17,16,15,15,14.

11,1ο,19,18,17,16,15, ““
. 14,13,11,11,1ο,9,8,

Ί161518131’1Ῑ1

*,19,18,17,16,15,15,14. “

13,11,11,
1ο,19,18,17,16,15,14,
· 131Ῑ’1 ΙΙ1101918171 ’
61515131 ’1 Ι1ψ1
19,18,17,16,15,15,14.

13,11,11,1ο,
19,18,17,16,15,’14,13,
G. 11,11,1ο,9,8,7,6,
515131’1Ι1’1’91
18,17,16,15,15,14.

13,11,11,111,19, .
’ 18,17,16,15,14,13,11,
Α· ΙΙ11019181316151
5131’1Ι1*1’91’81
17,16,15,15,14.

13,11,11,1ο,19,18,

17,16,15,14,13,11,11,
Β· 101918171615151

31 ’1 ¹»*» ’91 ²8» ’71

16,15, 15,14.

13,11,11,1ο,19,18,17, .''»·
16,15,14,13,11,11,1ο,
G· 91817161518131
1,1,*,19,18,17,16,15,
15,14. 11118. 1ο11111.

 

